# 45/45 iterations complete ✅ (100428.18s)
# Results saved to runs\segment\tune
# Best fitness=1.34481 observed at iteration 35
# Best fitness metrics are {'metrics/precision(B)': 0.92593, 'metrics/recall(B)': 0.95402, 'metrics/mAP50(B)': 0.95724, 'metrics/mAP50-95(B)': 0.67637, 'metrics/precision(M)': 0.92964, 'metrics/recall(M)': 0.95785, 'metrics/mAP50(M)': 0.96079, 'metrics/mAP50-95(M)': 0.60474, 'val/box_loss': 0.90705, 'val/seg_loss': 1.29145, 'val/cls_loss': 0.4736, 'val/dfl_loss': 1.26315, 'fitness': 1.34481}
# Best fitness model is runs\segment\train35
# Best fitness hyperparameters are printed below.

lr0: 0.00707
lrf: 0.00741
momentum: 0.90254
weight_decay: 0.00039
warmup_epochs: 3.06703
warmup_momentum: 0.77682
box: 5.83598
cls: 0.42428
dfl: 1.46962
hsv_h: 0.01284
hsv_s: 0.716
hsv_v: 0.4504
degrees: 0.0
translate: 0.09868
scale: 0.46652
shear: 0.0
perspective: 0.0
flipud: 0.0
fliplr: 0.47127
bgr: 0.0
mosaic: 0.80628
mixup: 0.0
cutmix: 0.0
copy_paste: 0.0
